9
60
63
492
396
383
240
260
479
425
129
83
330
457
232
471
250
294
248
461
71
431
271
396
102
99
89
43
162
88
129
35
91
486
184
158
276
56
456
391
391
78
199
282
218
373
394
388
488
203
86
39
478
133
76
435
429
102
66
112
456
123
315
90
8
103
433
150
122
83
295
260
17
81
340
360
103
330
400
150
457
41
167
372
318
175
330
333
444
489
221
111
102
370
315
497
315
205
192
307
301
262
54
287
228
166
458
495
324
131
418
123
501
265
476
311
49
228
281
239
20
371
318
388
482
342
278
189
458
41
432
66
207
100
65
99
180
123
370
133
408
27
23
286
117
234
43
282
348
357
76
418
19
459
366
349
296
187
147
410
87
374
426
288
241
23
78
190
361
330
405
462
214
466
422
356
389
211
211
243
218
278
401
449
450
237
37
111
474
114
21
38
214
109
351
231
210
70
265
23
319
269
378
28
317
236
490
264
183
287
351
171
275
90
248
27
80
71
279
377
32
148
123
273
205
475
253
277
244
109
231
498
247
40
90
290
135
251
91
335
46
412
440
22
146
289
70
299
275
157
94
125
366
424
472
275
333
13
133
134
139
125
286
352
475
162
54
378
223
214
309
369
41
220
238
176
303
387
216
374
373
153
376
86
398
422
446
497
303
266
110
284
207
212
370
105
433
74
383
231
113
286
43
409
286
427
147
273
427
54
398
405
425
207
239
398
254
399
39
186
238
292
220
413
440
107
382
419
322
13
61
340
149
306
167
288
318
348
278
309
308
412
67
337
336
20
213
288
120
359
346
211
343
358
295
33
180
4
93
5
457
136
187
378
204
342
257
164
135
138
88
133
397
111
16
465
91
244
287
389
67
48
103
430
240
262
482
139
70
117
428
118
230
26
31
347
336
284
160
313
258
189
288
19
458
94
54
316
482
420
37
192
139
351
342
415
290
45
224
44
368
406
78
394
59
466
318
398
200
195
450
65
102
259
195
400
286
382
472
442
402
121
397
340
242
45
303
378
48
445
306
176
90
220
224
270
155
362
340
343
365
233
64
22
104
486
100
192
113
200
494
92
124
306
420
445
30
167
333
27
395
269
469
161
339
259
391
28
97
287
118
248
131
433
75
482
284
406
216
77
274
228
319
219
340
66
310
308
86
381
249
356
219
319
449
258
273
300
336
172
237
398
197
436
43
7
327
25
312
109
374
385
484
29
166
402
304
65
238
459
251
85
367
340
332
305
317
280
497
393
306
413
181
404
437
342
420
260
71
408
217
62
459
260
124
128
338
432
318
250
209
465
258
305
206
322
27
130
401
418
344
76
207
358
430
140
285
289
94
445
455
334
247
367
134
487
134
405
37
421
35
352
160
214
21
60
273
103
307
72
500
245
265
402
228
305
118
334
82
23
336
110
135
345
49
210
113
380
187
109
433
174
213
139
122
28
268
70
61
476
412
202
320
26
343
46
343
379
170
411
132
417
30
256
111
149
367
279
445
201
329
281
418
473
419
188
302
351
298
256
317
262
293
114
346
291
18
156
62
254
30
8
80
441
268
104
146
290
475
310
17
93
469
64
427
464
129
373
158
55
83
458
488
138
360
188
22
67
309
462
239
423
252
329
205
87
329
295
49
459
82
196
297
322
172
226
329
284
397
248
335
342
448
146
281
215
209
146
158
430
313
456
202
271
63
459
111
167
99
96
21
293
226
117
349
369
223
126
21
112
388
441
78
24
286
155
487
201
173
254
305
266
357
463
372
158
201
478
171
149
197
468
130
494
473
62
49
136
278
285
268
127
87
233
107
380
272
7
251
477
84
200
289
484
303
14
263
486
11
392
147
243
240
192
477
247
28
271
174
135
336
290
9
117
74
304
484
331
316
418
102
53
432
129
91
42
232
448
55
227
351
90
168
58
311
145
407
292
185
367
419
280
431
66
256
419
59
456
233
163
461
184
34
452
237
301
35
15
286
457
317
47
226
252
486
142
333
474
345
304
295
455
186
144
204
138
295
260
131
188
135
71
212
302
134
49
175
188
294
252
357
192
67
408
278
441
343
26
97
32
376
155
61
77
446
398
39
58
382
146
44
364
384
7
379
134
252
345
241
103
214
124
448
171
484
242
333
485
495
325
317
61
193
465
462
246
291
327
336
99
355
184
173
64
28
479
116
138
298
105
16
99
494
129
393
149
304
264
264
251
390
256
74
458
311
81
495
345
391
392
474
71
463
103
154
40
327
172
199
148
260
450
452
116
22
384
91
63
464
16
